[[0.00000000e+00 1.56257153e-02 4.69267368e-02 2.30518103e-01
  5.01944542e-01 9.05662537e-01 1.38176894e+00 1.99803042e+00
  2.70447922e+00 3.52774048e+00 4.54441500e+00 5.73008585e+00
  2.21260002e+01 5.17758090e+01 8.89954815e+01 1.43525966e+02
  1.98997158e+02 2.80856373e+02 3.56218605e+02 4.50912164e+02
  5.55684031e+02]
 [0.00000000e+00 0.00000000e+00 0.00000000e+00 9.98258591e-04
  0.00000000e+00 0.00000000e+00 0.00000000e+00 0.00000000e+00
  0.00000000e+00 0.00000000e+00 0.00000000e+00 0.00000000e+00
  1.56240463e-02 1.56219006e-02 1.56280994e-02 1.56228542e-02
  3.12445164e-02 1.56772137e-02 2.39198208e-02 2.69045830e-02
  3.08969021e-02]
 [0.00000000e+00 0.00000000e+00 0.00000000e+00 5.97953796e-03
  0.00000000e+00 1.56233311e-02 1.80084705e-02 3.12466621e-02
  3.12292576e-02 1.56230927e-02 3.55217457e-02 3.12469006e-02
  9.31251049e-02 1.25024557e-01 1.71806574e-01 2.19347239e-01
  2.90744543e-01 3.12468529e-01 3.83722067e-01 4.83337402e-01
  4.89367723e-01]
 [0.00000000e+00 0.00000000e+00 1.56297684e-02 1.02324486e-01
  2.49690294e-01 4.55706596e-01 6.90638304e-01 9.99198437e-01
  1.36985087e+00 1.76438975e+00 2.26423597e+00 2.82991290e+00
  1.12059011e+01 2.53226099e+01 4.54007187e+01 7.09822209e+01
  1.04037443e+02 1.38776112e+02 1.82618368e+02 2.28714460e+02
  2.83626488e+02]
 [0.00000000e+00 0.00000000e+00 0.00000000e+00 0.00000000e+00
  1.56242847e-02 0.00000000e+00 0.00000000e+00 1.56216621e-02
  1.56238079e-02 3.21872234e-02 3.12447548e-02 3.12471390e-02
  4.68714237e-02 7.81240463e-02 1.24988317e-01 1.40601397e-01
  1.71808720e-01 2.11305141e-01 2.42140293e-01 2.74088144e-01
  3.07026863e-01]
 [0.00000000e+00 0.00000000e+00 1.56173706e-02 1.56238079e-02
  0.00000000e+00 1.56321526e-02 1.63121223e-02 1.56230927e-02
  1.15544796e-02 1.56230927e-02 1.56235695e-02 1.56238079e-02
  4.68819141e-02 9.36980247e-02 1.41101837e-01 1.80535793e-01
  2.52150536e-01 2.95016289e-01 3.79733562e-01 4.54482317e-01
  5.64116478e-01]
 [1.56655312e-02 1.56219006e-02 1.56202316e-02 7.81700611e-02
  1.87481642e-01 3.08452368e-01 4.97750044e-01 7.31855392e-01
  9.54062700e-01 1.26771402e+00 1.58076668e+00 1.96320724e+00
  7.86725283e+00 1.77597535e+01 3.17364285e+01 4.91117587e+01
  7.18987072e+01 9.72151854e+01 1.26917149e+02 1.59406486e+02
  1.99318351e+02]]